249.17990112304688 -108.0781021118164 0 118.0	-3.2
254.17979431152344 -98.0780029296875 0 123.0 -3
254.17979431152344 -158.07809448242188 0 98.0 -3.8
264.17999267578125 -183.07809448242188 0 80.0 -4.1
259.17999267578125 -58.07789993286133 0 125.0 -2.9
249.17990112304688 -108.0781021118164 15 118.0 -3.2
249.17990112304688 -108.0781021118164 30 118.0 -3.2
254.17979431152344 -98.0780029296875 15 123.0 -3
254.17979431152344 -98.0780029296875 30 123.0 -3
254.17979431152344 -158.07809448242188 15 98.0 -3.8
254.17979431152344 -158.07809448242188 30 98.0 -3.8
264.17999267578125 -183.07809448242188 15 80.0 -4.1
264.17999267578125 -183.07809448242188 30 80.0 -4.1
259.1799011230469 -58.07789993286133 15 125.0 -2.9
259.1799011230469 -58.07789993286133 30 125.0 -2.9
# X-axis -3.5 为原点 -3 为反转22.5度，-4 为正转22.5度
# XYR
