249.17990112304688 -108.0781021118164 118.0     -4.2
254.17990112304688 -98.0780029296875 123.0      -4
254.17990112304688 -158.07809448242188 98.0	  -4.8
264.17999267578125 -183.07809448242188 93.0	-5
264.17999267578125 -183.07809448242188 88.0	-5
279.1798095703125 -163.07789611816406 80.0  -4.8
264.17999267578125 -173.07809448242188 75.0	-4.8
259.1799011230469 -73.0779037475586 128.0	-4
259.1799011230469 -58.077999114990234 125.0	-3.9
269.17999267578125 -58.077999114990234 122.0	-4
269.17999267578125 -58.077999114990234 130.0	-4
264.17999267578125 -43.077999114990234 130.0	-3.8
264.17999267578125 -108.0781021118164 120.0	-4.4
264.1799011230469 -103.0780029296875 120.0	-4
264.1799011230469 -178.0780029296875 80.0	-4.9
264.17999267578125 -183.07809448242188 80.0	-5.1
# X-axis -4.5 为原点 -4 为反转22.5度，-5 为正转22.5度
# XYR
