493.4121375667226 -65.01359766445108 0.0 -0.23561944901923437 0 0.17453292519943295
493.72945287859386 -33.891201861437324 0.0 -0.39269908169872414 0 0.2617993877991494
498.41219352453754 -201.14297790527368 0.0 0.23561944901923437 0 -0.17453292519943295
503.72937388829166 -247.2655816584884 0.0 0.39269908169872414 0 -0.2617993877991494
497.223538923508 -267.89945401782904 0.0 0.39269908169872414 0 -0.3490658503988659
498.15023093238545 -279.5073094131192 0.0 0.23561944901923437 0 -0.4886921905584123
472.16991609154655 -308.1486579668043 0.0 0.23561944901923437 0 -0.5759586531581288
492.2235120540396 11.742658618208878 0.0 -0.39269908169872414 0 0.3490658503988659
496.34344808449987 14.43017795018443 0.0 -0.471238898038469 0 0.29670597283903605
509.81316687273795 1.918501049071267 0.0 -0.39269908169872414 0 0.24434609527920614
499.12142268885407 34.82430610749989 0.0 -0.39269908169872414 0 0.3839724354387525
494.1215505693116 49.824178207055226 0.0 -0.5497787143782139 0 0.3839724354387525
506.76024807025703 -56.51608171689788 0.0 -0.07853981633974455 0 0.20943951023931956
506.76051362188 -51.51616200215946 0.0 -0.39269908169872414 0 0.20943951023931956
483.1505580615567 -294.50733423577867 0.0 0.3141592653589796 0 -0.4886921905584123
483.1507719976165 -299.5074060439642 0.0 0.47123889803846875 0 -0.4886921905584123
